{
  "advancedEditorSelectedIdentifier" : "ProjectBrowser",
  "openSceneRelativePaths" : [
    "Scene.usda"
  ],
  "recentIdentifiers" : {
    "90C576A0-F90A-43B8-9998-14918A66F863" : [

    ]
  },
  "sceneCameraHistory" : {
    "90C576A0-F90A-43B8-9998-14918A66F863" : [
      {
        "date" : 740672942.346621,
        "title" : "Untitled",
        "transform" : [
          0.094838604,
          -4.5383958e-10,
          0.99549264,
          0,
          0.90246993,
          0.42208552,
          -0.085976526,
          0,
          -0.42018294,
          0.906556,
          0.04003001,
          0,
          0.2,
          0.001,
          0.02,
          1
        ]
      },
      {
        "date" : 740672924.300228,
        "title" : "Untitled",
        "transform" : [
          0.094838604,
          -4.5383958e-10,
          0.99549264,
          0,
          0.90246993,
          0.42208552,
          -0.085976526,
          0,
          -0.42018294,
          0.906556,
          0.04003001,
          0,
          0.2,
          0.001,
          0.02,
          1
        ]
      },
      {
        "date" : 740672918.495173,
        "title" : "Untitled",
        "transform" : [
          0.094838604,
          -4.5383958e-10,
          0.99549264,
          0,
          0.90246993,
          0.42208552,
          -0.085976526,
          0,
          -0.42018294,
          0.906556,
          0.04003001,
          0,
          0.2,
          0.0010000002,
          0.02,
          1
        ]
      },
      {
        "date" : 740672910.853444,
        "title" : "Untitled",
        "transform" : [
          0.094838604,
          -4.5383958e-10,
          0.99549264,
          0,
          0.90246993,
          0.42208552,
          -0.085976526,
          0,
          -0.42018294,
          0.906556,
          0.04003001,
          0,
          0.2,
          0.0010000002,
          0.02,
          1
        ]
      },
      {
        "date" : 740672904.780177,
        "title" : "Untitled",
        "transform" : [
          0.094838604,
          -4.5383958e-10,
          0.99549264,
          0,
          0.90246993,
          0.42208552,
          -0.085976526,
          0,
          -0.42018294,
          0.906556,
          0.04003001,
          0,
          0.2,
          0.0010000002,
          0.02,
          1
        ]
      },
      {
        "date" : 740672902.792968,
        "title" : "Untitled",
        "transform" : [
          0.094838604,
          -4.5383958e-10,
          0.99549264,
          0,
          0.90246993,
          0.42208552,
          -0.085976526,
          0,
          -0.42018294,
          0.906556,
          0.04003001,
          0,
          0.2,
          0.0010000002,
          0.02,
          1
        ]
      },
      {
        "date" : 740672899.748561,
        "title" : "Untitled",
        "transform" : [
          0.094838604,
          -4.5383958e-10,
          0.99549264,
          0,
          0.90246993,
          0.42208552,
          -0.085976526,
          0,
          -0.42018294,
          0.906556,
          0.04003001,
          0,
          0.2,
          0.0010000002,
          0.02,
          1
        ]
      },
      {
        "date" : 740672898.544633,
        "title" : "Untitled",
        "transform" : [
          0.094838604,
          -4.5383958e-10,
          0.99549264,
          0,
          0.90246993,
          0.42208552,
          -0.085976526,
          0,
          -0.42018294,
          0.906556,
          0.04003001,
          0,
          0.2,
          0.0010000002,
          0.02,
          1
        ]
      },
      {
        "date" : 740672526.842431,
        "title" : "Untitled",
        "transform" : [
          0.094838604,
          -4.5383958e-10,
          0.99549264,
          0,
          0.90246993,
          0.42208552,
          -0.085976526,
          0,
          -0.42018294,
          0.906556,
          0.04003001,
          0,
          -0.24513453,
          0.528884,
          0.023353493,
          1
        ]
      },
      {
        "date" : 740670097.088073,
        "title" : "Untitled",
        "transform" : [
          0.09483862,
          -4.5383963e-10,
          0.99549276,
          0,
          0.90246993,
          0.42208552,
          -0.085976526,
          0,
          -0.420183,
          0.9065561,
          0.040030014,
          0,
          -0.31082335,
          0.6706093,
          0.029611537,
          1
        ]
      }
    ]
  }
}